381 104
353 110
346 114
473 114
338 115
366 128
409 130
439 140
432 144
278 148
416 148
273 153
301 157
441 158
415 159
332 161
350 161
485 163
538 163
310 165
458 166
304 167
380 172
452 173
281 174
321 174
292 175
454 176
516 176
267 178
456 178
306 179
391 183
317 184
518 187
507 193
304 198
312 200
471 200
231 204
569 204
327 205
419 213
497 213
517 214
334 215
413 215
369 219
416 219
332 222
422 222
290 228
412 229
341 232
407 233
311 235
334 235
568 239
417 240
410 241
363 242
371 243
415 245
340 246
494 246
501 247
338 248
207 251
591 251
551 255
355 257
519 259
243 260
265 260
418 261
421 261
558 265
267 266
427 266
453 267
351 268
425 268
395 269
374 270
426 272
475 272
208 274
510 274
436 276
328 280
439 280
462 281
585 281
329 282
387 283
390 286
386 287
436 287
210 288
385 288
336 289
533 289
459 290
382 291
597 291
381 292
383 293
393 293
385 294
290 295
274 296
399 297
377 298
326 299
402 299
400 300
408 300
406 301
414 302
539 302
308 304
362 304
216 306
513 306
314 307
441 307
395 308
447 309
394 310
222 312
440 312
531 313
565 314
430 315
354 316
384 317
420 317
360 318
450 318
283 319
558 319
317 321
360 321
244 322
344 322
352 323
563 323
576 325
384 326
588 326
481 328
492 328
310 329
382 329
340 330
466 330
286 331
403 331
321 332
279 333
414 336
452 336
258 337
292 339
374 344
580 344
479 345
489 345
419 346
383 349
394 349
301 352
229 356
297 356
451 357
403 358
353 362
371 367
504 368
451 370
423 375
426 375
456 376
282 380
411 381
306 384
453 390
354 391
455 393
410 398
351 401
532 401
526 408
337 410
390 417
517 417
289 419
446 420
337 424
279 425
316 428
431 430
498 434
516 437
458 445
319 446
344 451
349 455
475 457
498 465
457 468
468 469
481 469
421 475
432 478
387 490
